22 100010000011101
24 10001000001111
25 10001000001100
26 10001000001101
229 10001000000010
231 10001000000011
232 10001000000000
234 10001000000001
27 1000100000100
227 1000100000101
235 1011000110010
31 1011000110011
28 100010000001
29 101100011000
30 111111001110
224 111111001111
226 00010111100
221 00010111101
223 01011111000
225 01011111001
32 10110001101
222 11100101000
220 11100101001
219 11111100110
33 0001011111
218 0101111101
217 1000100001
36 1011000111
215 1110010101
34 1111110010
35 000101110
216 010111111
184 100010001
188 100101010
38 100101011
213 101100010
214 110000000
187 110000001
37 111001011
77 111100000
182 111100001
212 111100100
70 111100101
189 111111000
78 111111100
191 111111101
194 111111010
199 111111011
39 00001110
81 00001111
183 00001100
203 00001101
186 00010110
192 00011110
201 00011111
61 00100110
198 00100111
204 00101110
63 00101111
181 00110010
185 00110011
200 00110000
211 00110001
40 00110100
41 00110101
69 00111100
208 00111101
67 01000110
71 01000111
72 01000100
210 01000101
178 01010100
180 01010101
190 01010010
193 01010011
196 01010000
207 01010001
79 01011000
168 01011001
205 01011110
73 01100100
76 01100101
86 01100010
87 01100011
109 01101010
62 01101011
65 01101100
89 01101101
82 01110110
167 01110111
66 10000000
197 10000001
64 10001001
75 10000110
179 10000111
206 10001010
195 10001011
83 10010100
42 10010110
80 10010111
88 10011000
169 10011001
202 10100100
209 10100101
68 10101010
171 10101011
177 10110000
59 11000001
60 11001000
174 11001001
94 11001100
166 11001101
173 11010000
85 11010001
170 11011000
74 11011001
110 11100000
91 11100001
111 11100100
107 11100110
161 11100111
176 11101010
114 11101011
84 11110001
90 11101110
165 11101111
58 11110011
164 11110110
112 11110111
113 11111000
115 11111001
106 11111111
108 0000000
57 0000001
175 0000100
56 0000101
43 0001000
44 0001001
117 0001010
92 0001100
104 0001101
116 0001110
162 0010000
93 0010001
95 0010010
119 0010110
172 0011011
47 0011100
118 0011101
105 0011111
54 0100000
160 0100001
46 0100110
55 0100111
103 0100100
135 0100101
134 0101011
100 0101101
132 0101110
45 0110000
148 0110011
121 0110100
122 0110111
96 0111000
137 0111001
147 0111010
53 0111100
149 0111101
98 0111110
133 0111111
136 1000001
124 1000010
163 1000110
99 1000111
120 1001000
159 1001001
131 1001101
138 1001110
97 1001111
123 1010000
102 1010001
52 1010011
158 1010100
50 1010110
151 1010111
146 1011001
49 1011010
141 1011011
157 1011100
125 1011101
48 1011110
101 1011111
51 1100001
142 1100010
143 1100011
154 1100101
139 1100111
144 1101001
130 1101010
145 1101011
140 1101101
128 1110001
129 1101110
150 1101111
126 1110100
156 1110110
127 1111010
155 1111101
152 000001
153 001010
100010000011100